M
77
64
C
78.0314
74.291
83.3842
86.3035
87.0656
96
C
87.9264
98.2674
90.2836
105.902
93.8302
104.654
C
99.563
102.638
105.551
85.4857
110.015
80.5764
C
111.814
78.5971
115.267
73.6268
118.502
75.1759
C
122.536
77.1079
122.102
85.3421
122.884
89
C
125.969
103.419
124.627
118.834
128
133
M
78
70
L
75.8302
90
L
72
138
M
279
154
L
273.211
130
L
264
88
L
290
79
M
163
83
L
168.425
105
L
170.762
114.683
L
154.418
120.024
L
147
136
M
217
111
C
220.821
104.107
218.644
93.1315
224.314
87.3943
C
234.241
77.3498
250.475
92.2447
242.397
102.772
C
236.817
110.044
223.64
106.742
216
109
C
218.956
115.519
231.872
137.235
240
135
M
222
85
L
222
87
M
255
89
L
264
88
M
162
92
L
153
118
M
310
96
C
316.954
110.431
318.693
135
320
151
M
397
97
L
382
159
M
337
98
L
350
149
M
399
101
C
399.145
118.56
409.762
136.498
417
152
M
173
117
L
181
115
M
218
117
L
215
143
M
173
118
L
189
155
M
333
118
L
318
125
M
407
125
L
424
123
M
405
124
L
404
125
M
386
126
L
404
125
M
277
148
L
277
149
M
142
239
C
138.248
234.598
134.413
229.652
132.789
224
C
124.128
193.859
182.491
187.367
193.427
210.004
C
202.498
228.778
178.231
243.234
163
246.482
C
154.5
248.295
145.467
247.917
142
239
L
143
239
L
144
240
L
144
241
L
145
242
M
266
236
C
258.166
233.55
250.588
210.654
255.028
203.329
C
258.968
196.828
269.538
197.564
276
198.093
C
285.409
198.865
308.292
207.176
304.421
219.996
C
299.996
234.652
281.633
238
269
238


M
378
259
L
379
259


M
185
291
C
163.051
298.53
193.474
309.368
198.941
313.005
C
201.279
314.561
203.201
317.033
202.338
319.985
C
199.026
331.316
184.485
321.493
178.757
327.603
C
175.407
331.177
179.154
336.631
182.108
338.956
C
188.541
344.021
198.046
345.433
206
343.606
C
223.278
339.636
213.732
314.661
228.004
306.367
C
243.933
297.109
266.533
298.491
284
293.229
C
304.904
286.932
325.463
279.172
346
271.783
C
356.383
268.048
368.007
262.102
379
261


M
341
275
L
340
276


M
85
284
C
85.1061
295.868
91.7959
307.954
95.7832
319
C
105.359
345.526
122.105
374.804
147
389.525
C
166.524
401.069
193.778
405.679
216
408.167
C
230.093
409.744
245.792
413.44
260
410.621
C
278.235
407.003
292.212
396.31
306
384.754
C
332.262
362.742
353.887
337.368
361
303


M
179
291
L
176
294


M
179
292
L
177
294


M
181
294
L
179
296


M
180
302
L
182
304


M
177
304
L
180
307


M
178
304
L
180
306


M
224
306
L
220
310


M
224
307
L
221
310


M
226
309
L
223
312


M
202
312
L
203
313


M
202
313
L
203
314


M
201
320
L
200
321


M
204
322
L
203
323


M
202
324
L
201
325


M
177
325
L
176
326


M
182
337
L
183
338


M
213
337
L
211
339


M
213
338
L
211
340


M
179
339
L
181
341


M
180
339
L
181
340


M
186
339
L
187
340


M
216
339
L
213
342


M
184
342
L
185
343


